1.054062500000000069e-01
1.830937499999999996e-01
3.361875000000000280e-01
3.852812500000000195e-01
4.046250000000000124e-01
4.065312500000000107e-01
4.797500000000000098e-01
4.973750000000000115e-01
5.846875000000000266e-01
3.408875000000000099e+00
3.454031249999999886e+00
3.517781250000000082e+00
3.857124999999999915e+00
3.866437499999999972e+00
3.906187500000000146e+00
4.167656250000000284e+00
4.246999999999999886e+00
4.354968750000000277e+00
4.360156250000000178e+00
4.384656249999999922e+00
4.423124999999999751e+00
4.531281250000000149e+00
4.679999999999999716e+00
5.146906249999999794e+00
5.264812499999999673e+00
5.395375000000000476e+00
5.398531250000000448e+00
5.412749999999999950e+00
5.419875000000000220e+00
5.422593749999999879e+00
5.434781250000000341e+00
5.471062500000000384e+00
5.496312500000000156e+00
5.595781249999999929e+00
6.046468749999999837e+00
6.252906250000000554e+00
6.278531250000000341e+00
6.341593750000000362e+00
6.419687500000000213e+00
6.466656249999999773e+00
6.608968749999999837e+00
6.641718749999999893e+00
9.761062499999999531e+00
1.623378124999999983e+01
1.624159374999999983e+01
1.626931250000000162e+01
1.714378124999999997e+01
1.714859374999999986e+01
1.739062500000000000e+01
1.776403124999999861e+01
1.808271875000000151e+01
1.808743750000000006e+01
1.809115625000000094e+01
1.833306250000000048e+01
1.841478125000000077e+01
1.842509375000000205e+01
1.850850000000000151e+01
1.862896875000000207e+01
1.870237499999999997e+01
1.874200000000000088e+01
1.901846875000000026e+01
1.906637500000000074e+01
1.921956250000000210e+01
1.936346874999999912e+01
1.939534375000000210e+01
1.954909375000000082e+01
1.960906250000000028e+01
1.963921875000000128e+01
1.964453125000000000e+01
1.969315625000000125e+01
1.981478124999999935e+01
1.988068750000000051e+01
2.535909374999999955e+01
2.548199999999999932e+01
2.631759375000000034e+01
2.640075000000000216e+01
2.647728125000000077e+01
2.650949999999999918e+01
2.668406249999999957e+01
2.668815625000000225e+01
2.670734374999999972e+01
2.679096875000000111e+01
2.683696875000000048e+01
2.691837500000000105e+01
2.729281250000000014e+01
2.729768750000000210e+01
2.735903125000000102e+01
2.736200000000000188e+01
2.737559375000000017e+01
2.738734374999999943e+01
2.749603125000000148e+01
2.759046874999999943e+01
2.766134375000000034e+01
2.813478124999999963e+01
2.839493750000000105e+01
2.843593750000000142e+01
2.856853124999999949e+01
2.857096875000000225e+01
2.859643750000000040e+01
2.860653124999999974e+01
2.865578125000000043e+01
2.876865624999999937e+01
2.877956250000000082e+01
2.891912500000000108e+01
2.944640624999999901e+01
2.952378124999999898e+01
2.978462500000000190e+01
2.988243750000000176e+01
2.991724999999999923e+01
3.012396874999999952e+01
3.039268750000000097e+01
3.184284375000000011e+01
3.221409375000000352e+01
3.222618750000000176e+01
3.224728125000000034e+01
3.225865625000000136e+01
3.228156249999999972e+01
3.228981250000000358e+01
3.233606250000000415e+01
3.234728125000000176e+01
3.238246875000000102e+01
3.242328125000000227e+01
3.245406249999999915e+01
3.254281250000000369e+01
3.256175000000000352e+01
3.256246875000000074e+01
3.286399999999999721e+01
3.300050000000000239e+01
3.304621875000000131e+01
3.320812500000000256e+01
3.322712500000000091e+01
3.520784375000000210e+01
3.695512500000000244e+01
3.698015625000000028e+01
3.832131249999999767e+01
3.833803125000000023e+01
3.839650000000000318e+01
3.839943749999999767e+01
3.840393749999999784e+01
3.872515624999999773e+01
3.874759375000000006e+01
3.876200000000000045e+01
3.883290625000000063e+01
3.887762500000000188e+01
3.892018749999999727e+01
3.897274999999999778e+01
3.899221874999999926e+01
3.905409374999999983e+01
3.909831249999999869e+01
3.925809375000000045e+01
3.926700000000000301e+01
3.927103125000000006e+01
3.941815625000000267e+01
3.956049999999999756e+01
3.963328125000000313e+01
3.987781249999999744e+01
3.989131249999999795e+01
3.992462499999999892e+01
4.010875000000000057e+01
4.021099999999999852e+01
4.024431249999999949e+01
4.037937500000000313e+01
4.049259374999999750e+01
4.052815625000000210e+01
4.053981250000000358e+01
4.480362500000000381e+01
4.485459374999999937e+01
4.494603125000000432e+01
4.519765625000000142e+01
4.520215625000000159e+01
4.553634375000000034e+01
4.563193749999999937e+01
4.567353125000000347e+01
4.570681249999999807e+01
4.573028125000000443e+01
4.575278124999999818e+01
4.575606249999999875e+01
4.577562499999999801e+01
4.621824999999999761e+01
4.630765625000000085e+01
4.637471874999999955e+01
4.643528125000000273e+01
4.669206249999999869e+01
4.674734374999999886e+01
4.676968750000000341e+01
4.677550000000000097e+01
4.678056250000000205e+01
4.696928125000000165e+01
4.698512500000000358e+01
4.723996875000000273e+01
4.938753125000000210e+01
4.962006250000000307e+01
4.972131250000000335e+01
5.017465624999999818e+01
5.053328125000000171e+01
5.113187500000000085e+01
5.116340625000000131e+01
5.133068750000000335e+01
5.178775000000000261e+01
5.179312500000000341e+01
5.189684375000000216e+01
5.214825000000000443e+01
5.248346875000000011e+01
5.250009374999999778e+01
5.250393749999999926e+01
5.256090625000000216e+01
5.262859375000000028e+01
5.269165625000000119e+01
5.269846875000000352e+01
5.273937500000000256e+01
5.274862500000000409e+01
5.277443749999999767e+01
6.842190625000000637e+01
6.843021874999999454e+01
6.843756249999999852e+01
6.871081250000000296e+01
6.913471875000000466e+01
6.914406250000000398e+01
6.921903125000000045e+01
6.928856249999999761e+01
6.936315625000000296e+01
6.944200000000000728e+01
6.951090625000000500e+01
6.951228125000000091e+01
6.956409374999999784e+01
6.958265624999999943e+01
6.964784375000000693e+01
6.975600000000000023e+01
6.976300000000000523e+01
6.978915625000000489e+01
7.001328125000000568e+01
7.003059375000000841e+01
7.003324999999999534e+01
7.008337500000000375e+01
7.008674999999999500e+01
7.018571875000000659e+01
7.035125000000000739e+01
7.035484375000000057e+01
7.038031250000000227e+01
7.038446874999999636e+01
7.040603124999999807e+01
7.041878124999999500e+01
7.046721875000000068e+01
7.191303125000000307e+01
7.192959374999999511e+01
7.193987500000000068e+01
7.223240624999999682e+01
7.223590624999999932e+01
7.246953125000000284e+01
7.249299999999999500e+01
7.252328124999999659e+01
7.253987499999999500e+01
7.255112499999999898e+01
7.256334375000000136e+01
7.256412500000000421e+01
7.256868749999999579e+01
7.257787500000000591e+01
7.258434375000000216e+01
7.260331250000000125e+01
7.260815625000000750e+01
7.304975000000000307e+01
7.306012499999999932e+01
7.356093750000000853e+01
7.367674999999999841e+01
7.370165624999999920e+01
7.371134374999999750e+01
7.556606250000000102e+01
7.570362500000000239e+01
7.571471875000000296e+01
7.596240625000000080e+01
7.597362499999999841e+01
7.598678125000000705e+01
7.601956250000000637e+01
7.607368750000000546e+01
7.608278124999999648e+01
7.618524999999999636e+01
7.630778125000000500e+01
7.644496875000000102e+01
7.645218750000000796e+01
7.648312500000000114e+01
7.718671874999999716e+01
7.720796875000000625e+01
7.724156250000000057e+01
7.724800000000000466e+01
7.740159375000000352e+01
8.844724999999999682e+01
8.857759375000000546e+01
9.108978125000000148e+01
9.133840625000000557e+01
9.135259374999999693e+01
9.135612500000000580e+01
9.166028124999999704e+01
9.167046874999999773e+01
9.167387499999999534e+01
9.173515625000000284e+01
9.178243750000000034e+01
9.181071875000000659e+01
9.183740625000000080e+01
9.189331250000000750e+01
9.202806250000000432e+01
9.209262499999999818e+01
9.209965624999999534e+01
9.233793749999999534e+01
9.242249999999999943e+01
9.286628125000000011e+01
9.292815625000000068e+01
9.308640624999999602e+01
9.315421874999999829e+01
9.321237500000000864e+01
9.321787500000000648e+01
9.330496875000000045e+01
9.337721874999999727e+01
9.440340625000000330e+01
9.454456249999999784e+01
9.455078125000000000e+01
9.477737500000000637e+01
9.479365624999999795e+01
9.480056249999999807e+01
9.484018749999999898e+01
9.488949999999999818e+01
9.498368750000000205e+01
9.502365625000000193e+01
9.521103125000000489e+01
9.553471874999999613e+01
9.591043750000000045e+01
9.597268750000000637e+01
9.601850000000000307e+01
9.603459374999999909e+01
9.718228125000000261e+01
9.721862500000000296e+01
9.722903125000000557e+01
9.742750000000000909e+01
9.750187499999999829e+01
9.750968749999999829e+01
9.794143750000000637e+01
9.795056250000000375e+01
9.803246875000000671e+01
9.805034374999999613e+01
9.806140625000000455e+01
9.820540624999999579e+01
9.821059375000000102e+01
9.824481250000000898e+01
9.838243750000000887e+01
9.880062499999999659e+01
1.035979062500000083e+02
1.036102187500000014e+02
1.036413749999999965e+02
1.036626875000000041e+02
1.041114687500000002e+02
1.044609999999999985e+02
1.044846875000000068e+02
1.045764999999999958e+02
1.049203125000000085e+02
1.049266562500000077e+02
1.050178437499999973e+02
1.050354999999999990e+02
1.050390312500000078e+02
1.050608124999999973e+02
1.050814687499999991e+02
1.050875312499999978e+02
1.051066562500000003e+02
1.051407187500000049e+02
1.051634062500000084e+02
1.052639374999999973e+02
1.054482812500000080e+02
1.098561875000000043e+02
1.098882812500000057e+02
1.100281562500000092e+02
1.100494062500000041e+02
1.100726562500000085e+02
1.100868437499999999e+02
1.103936250000000001e+02
1.104133750000000020e+02
1.106131875000000093e+02
1.107242499999999978e+02
1.108024062500000042e+02
1.108145625000000081e+02
1.108195625000000035e+02
1.108963750000000061e+02
1.109122500000000002e+02
1.110514687499999980e+02
1.113843437499999993e+02
1.113965312499999953e+02
1.114090625000000045e+02
1.115287500000000023e+02
1.120685624999999987e+02
1.121982187500000094e+02
1.122169999999999987e+02
1.122223437500000074e+02
1.123233437500000065e+02
1.123927187500000002e+02
1.123980312500000025e+02
1.124904999999999973e+02
1.152498750000000030e+02
1.163123750000000030e+02
1.163191874999999982e+02
1.163329062500000077e+02
1.168674062500000019e+02
1.171095624999999956e+02
1.173104687499999983e+02
1.228008125000000064e+02
1.228148437500000085e+02
1.228364375000000024e+02
1.231207500000000010e+02
1.234535937499999960e+02
1.243013437500000009e+02
1.368173437499999920e+02
1.368379375000000095e+02
1.368514375000000030e+02
1.371431562500000041e+02
1.373484375000000171e+02
1.373812187500000164e+02
1.373983750000000157e+02
1.378067187500000159e+02
1.379365937500000143e+02
1.379555000000000007e+02
1.384405000000000143e+02
1.384461562500000014e+02
1.387134062499999914e+02
1.388223125000000095e+02
1.388820312500000114e+02
1.389115312499999959e+02
1.389872187500000109e+02
1.389971562499999891e+02
1.391253749999999911e+02
1.450490312500000130e+02
1.537069375000000093e+02
1.581812187499999993e+02
1.586272812500000100e+02
1.588751249999999970e+02
1.588802187500000116e+02
1.596124374999999986e+02
1.596515625000000114e+02
1.596565937500000132e+02
1.604160937500000159e+02
1.604321250000000134e+02
1.668315312500000118e+02
1.781744687500000168e+02
1.873876250000000141e+02
2.342780625000000043e+02
2.377185625000000186e+02
2.411346875000000125e+02
2.417195937500000014e+02
2.477786875000000180e+02
2.579999374999999873e+02
2.633923437500000091e+02
2.644053437499999859e+02
2.689534375000000068e+02
2.698159687500000246e+02
2.922057500000000232e+02
2.926138437500000009e+02
2.988554374999999936e+02
3.034894687500000146e+02
3.054183437500000196e+02
3.158443125000000009e+02
3.218103750000000218e+02
3.224527812499999868e+02
3.243384374999999977e+02
3.460193125000000123e+02
3.474877187499999991e+02
3.522005624999999895e+02
3.571808750000000146e+02
3.611953750000000127e+02
3.614814687500000332e+02
3.614824375000000032e+02
3.614877500000000055e+02
3.626045937499999923e+02
3.678349999999999795e+02
3.688309687500000109e+02
3.783687500000000341e+02
3.877517187500000091e+02
3.906286562500000059e+02
3.911755312500000059e+02
3.953773750000000291e+02
4.037889687499999809e+02
4.071259062500000141e+02
4.118411250000000337e+02
4.162277812500000209e+02
4.179137187499999868e+02
4.217885937500000182e+02
4.274644375000000309e+02
4.301511874999999918e+02
4.308799999999999955e+02
4.362569687499999986e+02
4.914800937500000373e+02
4.927139062500000364e+02
4.974767500000000382e+02
4.993812187500000164e+02
5.043740937499999859e+02
5.045204687500000205e+02
5.051546562500000164e+02
5.073050625000000196e+02
5.095678437500000086e+02
5.183060625000000528e+02
5.190025625000000673e+02
5.204686562499999809e+02
5.286545624999999973e+02
5.294919687499999554e+02
5.342393749999999955e+02
5.349085937500000227e+02
5.349163750000000164e+02
5.352085937499999773e+02
5.361184687500000337e+02
5.406299999999999955e+02
5.406669687500000236e+02
5.423600625000000264e+02
5.497763750000000300e+02
5.504255624999999554e+02
5.522684062499999982e+02
5.545729062499999600e+02
5.685142812500000673e+02
5.824320625000000291e+02
5.836615937500000655e+02
5.851943750000000364e+02
5.856256562500000200e+02
5.856418437500000209e+02
5.866614687500000400e+02
5.866922187500000518e+02
5.971892187500000091e+02
6.072547812500000646e+02
6.089045624999999973e+02
6.123775625000000673e+02
6.125104687499999727e+02
6.125205624999999827e+02
6.161849375000000464e+02
6.164745000000000346e+02
6.227574062500000309e+02
6.291226874999999836e+02
6.417109375000000000e+02
6.564072812499999827e+02
6.564109062500000391e+02
6.688068749999999909e+02
6.759345624999999700e+02
6.796638749999999618e+02
6.834875937499999736e+02
6.837324687500000664e+02
6.882835625000000164e+02
6.939468124999999645e+02
6.984729062500000509e+02
7.010839375000000473e+02
7.058246249999999691e+02
7.176448125000000573e+02
7.216218125000000327e+02
7.373847812500000600e+02
7.399344687500000646e+02
7.413050937499999691e+02
7.560152500000000373e+02
7.560276875000000700e+02
7.631808750000000146e+02
7.631869687500000055e+02
7.702246250000000600e+02
7.715472499999999627e+02
7.715560625000000528e+02
7.751335000000000264e+02
7.757534375000000182e+02
7.794096875000000182e+02
7.795541875000000118e+02
7.874632500000000164e+02
7.898976874999999609e+02
8.015929687500000682e+02
8.068947812500000509e+02
8.074523125000000618e+02
8.074725312499999745e+02
8.090373437499999909e+02
8.116244687500000055e+02
8.197794999999999845e+02
8.257131875000000036e+02
8.269414687500000127e+02
8.289852187500000582e+02
8.289990625000000364e+02
8.290199687499999754e+02
8.299720937499999991e+02
8.554780312500000719e+02
8.568002500000000055e+02
8.609957187500000373e+02
8.627329375000000482e+02
8.724567500000000564e+02
8.781044062500000109e+02
8.781192187500000728e+02
8.781357187500000236e+02
8.784985937500000546e+02
8.785173750000000155e+02
8.830689375000000609e+02
8.929394062500000473e+02
8.937883437499999673e+02
8.961080000000000609e+02
8.983057499999999891e+02
8.983140624999999773e+02
8.998706562500000246e+02
9.098248437500000136e+02
9.118684687500000337e+02
9.119119687500000282e+02
9.127073750000000700e+02
9.213550937500000373e+02
9.302229375000000573e+02
9.343101562499999773e+02
9.397136249999999791e+02
9.445240937500000200e+02
9.446501562500000091e+02
9.451902812499999982e+02
9.568009687500000382e+02
9.591349687499999845e+02
9.591553125000000364e+02
9.592020625000000109e+02
9.592740937500000200e+02
9.670318750000000136e+02
9.743488125000000082e+02
9.772008437499999900e+02
9.885057812500000409e+02
9.897138125000000173e+02
9.897243750000000091e+02
9.930862812500000700e+02
9.953603749999999764e+02
9.953728750000000218e+02
9.954735312500000646e+02
9.955066562499999918e+02
9.955120000000000573e+02
9.973360312500000191e+02
9.976440000000000055e+02
9.978547187500000746e+02
9.978835000000000264e+02
9.983215000000000146e+02
1.008532406250000008e+03
1.014229906249999999e+03
1.030298281249999945e+03
1.030518156249999947e+03
1.031378093750000062e+03
1.041719937500000015e+03
1.041766468750000058e+03
1.045439281250000022e+03
1.045578999999999951e+03
1.048375093750000133e+03
1.048386031250000087e+03
1.049580812500000093e+03
1.051704062499999964e+03
1.051724781249999978e+03
1.053196374999999989e+03
1.053221281249999947e+03
1.053631437499999947e+03
1.056916718749999973e+03
1.064723312500000020e+03
1.064740718750000042e+03
1.071793656249999913e+03
1.075943218749999915e+03
1.076212375000000065e+03
1.083393281249999973e+03
1.093781062499999962e+03
1.093792656249999936e+03
1.093801437500000020e+03
1.093874656250000044e+03
1.098638843749999978e+03
1.106467187500000136e+03
1.108678281250000055e+03
1.112936656249999942e+03
1.113636625000000095e+03
1.124365531250000004e+03
1.126377187499999991e+03
1.126404874999999947e+03
1.133117218750000120e+03
1.133150843749999922e+03
1.133182218749999947e+03
1.137095156249999945e+03
1.137101718749999918e+03
1.137112812500000018e+03
1.137667343750000100e+03
1.143109562500000038e+03
1.144845093749999933e+03
1.148557937499999980e+03
1.148664999999999964e+03
1.158483156250000093e+03
1.160375437500000089e+03
1.165956468750000113e+03
1.167333000000000084e+03
1.175948406250000062e+03
1.175966812500000060e+03
1.196757000000000062e+03
1.197892250000000104e+03
1.197923468749999984e+03
1.198363906250000127e+03
1.199938843749999933e+03
1.200334125000000085e+03
1.210808156250000138e+03
1.223561437500000011e+03
1.224877656249999973e+03
1.228631218750000016e+03
1.231461062500000025e+03
1.242179937500000051e+03
1.242396656249999978e+03
1.242807187500000055e+03
1.248591750000000047e+03
1.249916593749999947e+03
1.253141937500000040e+03
1.253792937500000107e+03
1.254026312500000131e+03
1.258556812499999978e+03
1.261223843750000015e+03
1.262635375000000067e+03
1.262646843750000016e+03
1.282711718750000045e+03
1.283474937500000124e+03
1.286592843749999929e+03
1.286941187500000069e+03
1.287090968750000002e+03
1.287094875000000002e+03
1.290255218750000040e+03
1.290261468749999949e+03
1.290866687500000126e+03
1.290871249999999918e+03
1.292462874999999940e+03
1.294318500000000085e+03
1.304930937500000027e+03
1.304974625000000060e+03
1.304976531250000107e+03
1.306799312500000042e+03
1.309647437500000024e+03
1.310043062500000133e+03
1.312686750000000075e+03
1.316541406250000136e+03
1.316609593749999931e+03
1.331013906249999991e+03
1.334679812500000025e+03
1.334734031250000044e+03
1.335054156250000005e+03
1.336340656249999938e+03
1.339076062500000035e+03
1.349167875000000095e+03
1.349359218750000082e+03
1.349648625000000038e+03
1.350264562500000011e+03
1.351052812500000073e+03
1.359827874999999949e+03
1.359850968749999993e+03
1.367471218749999935e+03
1.371506968749999942e+03
1.375701937499999985e+03
1.375730656250000038e+03
1.376005374999999958e+03
1.376394625000000133e+03
1.387867312500000025e+03
1.399400093749999996e+03
1.404124656250000044e+03
1.404153156249999938e+03
1.404403593750000027e+03
1.407019937499999969e+03
1.407029468749999978e+03
1.409570343750000120e+03
1.414000968750000084e+03
1.415072875000000067e+03
1.424205937500000118e+03
1.437514531250000118e+03
1.437524249999999938e+03
1.440843718750000107e+03
1.440887500000000045e+03
1.441223218750000115e+03
1.443104500000000144e+03
1.443129656249999925e+03
1.443185343750000129e+03
1.443226781249999931e+03
1.446946593749999920e+03
1.450088812500000131e+03
1.459114562499999920e+03
1.460584968750000144e+03
1.462329187499999989e+03
1.462377781249999998e+03
1.462816187500000069e+03
1.465769187500000044e+03
1.465904656250000016e+03
1.466388062499999933e+03
1.467597812499999918e+03
1.470767531250000047e+03
1.479410906249999925e+03
1.481579062499999964e+03
1.482579093750000084e+03
1.484771656249999978e+03
1.485003531249999924e+03
1.486693937499999947e+03
1.493186062499999935e+03
1.496998343750000004e+03
1.497385093750000124e+03
1.499286843750000116e+03
1.502307062500000029e+03
1.502558999999999969e+03
1.504431437500000129e+03
1.504493312500000002e+03
1.507798031250000122e+03
1.517424656249999998e+03
1.517450656250000065e+03
1.517607031250000091e+03
1.518340312499999982e+03
1.518403906250000091e+03
1.524414718750000020e+03
1.525418843749999951e+03
1.525453062499999987e+03
1.527610093750000033e+03
1.527769375000000082e+03
1.527940281249999998e+03
1.532984750000000076e+03
1.535176249999999982e+03
1.536975124999999935e+03
1.542572906249999960e+03
1.546001406249999945e+03
1.546251250000000027e+03
1.547084812499999998e+03
1.547773156250000056e+03
1.547831531250000126e+03
1.549079312500000015e+03
1.550983500000000049e+03
1.551654187500000035e+03
1.558971000000000004e+03
1.567949250000000120e+03
1.578034656250000126e+03
1.589939437499999940e+03
1.590222531249999975e+03
1.597640000000000100e+03
1.603066874999999982e+03
1.603428218750000042e+03
1.605495531250000113e+03
1.616629343750000089e+03
1.618914968750000071e+03
1.619110812500000065e+03
1.626380281250000053e+03
1.629246750000000020e+03
1.629271343750000142e+03
1.631102156250000007e+03
1.639251937499999940e+03
1.646153500000000122e+03
1.656813406250000071e+03
1.657455406250000124e+03
1.658548937499999965e+03
1.661331468750000113e+03
1.664806593750000047e+03
1.667847781250000025e+03
1.675347906250000051e+03
1.677051687500000071e+03
1.677770750000000135e+03
1.678279125000000022e+03
1.678454468749999933e+03
1.680654906250000067e+03
1.682134656250000035e+03
1.688061531250000144e+03
1.689131000000000085e+03
1.699328968750000058e+03
1.701275468750000073e+03
1.704184375000000045e+03
1.704489781250000078e+03
1.705713031250000085e+03
1.707665500000000065e+03
1.708527218749999975e+03
1.709020468749999964e+03
1.710754124999999931e+03
1.710810531249999940e+03
1.714967343750000055e+03
1.717807187500000055e+03
1.723868562500000053e+03
1.732861343750000060e+03
1.733518093749999935e+03
1.737215281250000089e+03
1.739472718750000013e+03
1.740101031250000005e+03
1.740127750000000106e+03
1.740336562500000127e+03
1.740722437500000069e+03
1.740797968750000109e+03
1.740798687500000142e+03
1.743025624999999991e+03
1.744181937500000004e+03
1.744610124999999925e+03
1.753764156250000042e+03
1.756392093749999958e+03
1.756392875000000004e+03
1.756793687500000033e+03
1.757681312500000104e+03
1.762430656250000084e+03
1.763048500000000104e+03
1.764026000000000067e+03
1.765598031250000076e+03
1.765661156249999976e+03
1.767119406250000111e+03
1.769382343750000018e+03
1.770145406249999951e+03
1.770262406250000140e+03
1.772582531250000102e+03
1.774399750000000040e+03
1.774519531250000000e+03
1.774532656249999945e+03
1.774537000000000035e+03
1.774630468750000091e+03
1.774942000000000007e+03
1.775541093750000073e+03
1.775586375000000089e+03
1.775614656250000053e+03
1.776926656249999951e+03
1.777099031250000053e+03
1.777572812500000055e+03
1.777608249999999998e+03
1.780082312499999944e+03
1.780257812500000000e+03
1.780474124999999958e+03
1.780586156249999931e+03
1.780651656250000087e+03
1.780693375000000060e+03
1.781928781249999929e+03
1.782374749999999949e+03
1.782415937499999927e+03
1.782502999999999929e+03
1.783448593750000100e+03
1.783534812500000044e+03
1.783552968749999991e+03
1.783625687500000140e+03
1.785832781249999925e+03
1.785966937500000085e+03
1.786809875000000147e+03
1.786880468750000091e+03
1.786918437499999982e+03
1.787011218750000126e+03
1.787444343750000144e+03
1.791196906249999984e+03
1.791580437500000016e+03
1.792549937499999942e+03
1.792572187499999927e+03
1.792613281250000000e+03
1.792817250000000058e+03
1.792921718750000082e+03
1.794894843750000064e+03
1.795181749999999965e+03
1.796017156249999971e+03
1.796044468750000078e+03
1.796073562499999980e+03
1.796096906250000075e+03
1.796431343749999996e+03
1.807768687499999942e+03
1.808078375000000051e+03
1.808085062500000049e+03
1.808300124999999980e+03
1.808325250000000096e+03
1.808379437499999995e+03
1.808459375000000136e+03
1.808586593750000020e+03
1.808675437500000044e+03
1.809387343750000127e+03
1.809401468750000049e+03
1.809828656249999995e+03
1.811033406250000098e+03
1.811115812499999947e+03
1.811534281250000049e+03
1.812162093749999940e+03
1.837771968750000042e+03
1.849038343749999967e+03
1.857866031250000106e+03
1.863400187500000129e+03
1.865230781250000064e+03
1.867052937500000098e+03
1.877785499999999956e+03
1.888314656250000098e+03
1.897761531249999962e+03
1.904412874999999985e+03
1.907452687500000138e+03
1.908045906250000144e+03
1.929151562499999955e+03
1.944267937500000016e+03
1.945770781250000027e+03
1.947937093750000031e+03
1.951669656250000116e+03
1.951774687500000027e+03
1.954140812500000038e+03
1.961125843750000058e+03
1.966366312500000049e+03
1.968930093749999969e+03
1.971295156249999991e+03
1.974427875000000085e+03
1.976131000000000085e+03
1.976427906249999978e+03
1.996782687500000065e+03
1.999883375000000115e+03
2.013683125000000018e+03
2.024125999999999976e+03
2.026263343750000104e+03
2.026305968750000147e+03
2.033738687499999969e+03
2.039431624999999940e+03
2.046493562500000053e+03
2.049641843750000135e+03
2.056638281250000091e+03
2.064354093750000175e+03
2.065101437499999975e+03
2.065538125000000036e+03
2.071075062500000058e+03
2.071746750000000247e+03
2.074157375000000229e+03
2.080355375000000095e+03
2.083565625000000182e+03
2.085203937499999938e+03
2.085204468750000160e+03
2.085205218749999858e+03
2.085206874999999854e+03
2.085588375000000269e+03
2.089279468749999978e+03
2.089781531250000171e+03
2.091768531250000251e+03
2.097584062500000073e+03
2.098102687500000229e+03
2.098779187500000262e+03
2.099442875000000186e+03
2.099866875000000164e+03
2.099924687499999891e+03
2.099968093750000207e+03
2.100020281250000153e+03
2.100040500000000065e+03
2.100041812500000106e+03
2.100111437500000193e+03
2.100229593749999822e+03
2.101679375000000164e+03
2.101723500000000058e+03
2.101916406249999909e+03
2.101973625000000084e+03
2.102001187500000015e+03
2.102031406250000146e+03
2.103556750000000193e+03
2.103991687499999898e+03
2.104011031250000087e+03
2.104044718749999902e+03
2.104080062500000167e+03
2.105836125000000266e+03
2.106037593750000269e+03
2.106122687500000211e+03
2.106163062500000251e+03
2.107676656250000178e+03
2.107690156250000200e+03
2.110031343749999905e+03
2.110134031250000135e+03
2.110216406250000091e+03
2.110259156250000160e+03
2.110326156250000167e+03
2.112701781249999840e+03
2.112741625000000113e+03
2.112756218750000244e+03
2.112805531250000058e+03
2.112826687499999935e+03
2.115305281250000007e+03
2.115609249999999975e+03
2.116192500000000109e+03
2.116226312499999949e+03
2.116234437500000240e+03
2.116262218750000102e+03
2.116278843749999851e+03
2.116318531249999978e+03
2.117484437500000240e+03
2.117490624999999909e+03
2.117506593749999865e+03
2.117529593750000004e+03
2.117538531250000233e+03
2.117575843749999876e+03
2.121334156249999978e+03
2.122585375000000113e+03
2.122629500000000007e+03
2.122644406249999975e+03
2.122662593750000269e+03
2.122686218750000080e+03
2.122709875000000011e+03
2.123392343750000236e+03
2.125040062500000204e+03
2.125168687500000033e+03
2.125173249999999825e+03
2.125187937499999862e+03
2.125260781250000036e+03
2.127295968750000156e+03
2.127605812499999956e+03
2.127625625000000127e+03
2.127651062500000080e+03
2.127807968749999873e+03
2.132219718750000084e+03
2.132580875000000106e+03
2.132694437499999822e+03
2.132702687500000138e+03
2.132898593750000146e+03
2.133372093750000204e+03
2.133951031250000142e+03
2.134025406249999833e+03
2.147102562500000204e+03
2.147360218750000058e+03
2.149458625000000211e+03
2.157500312499999836e+03
2.157700093750000178e+03
2.176599312499999996e+03
2.177622531250000065e+03
2.179001374999999825e+03
2.179082187500000146e+03
2.179142374999999902e+03
2.179173374999999851e+03
2.179193874999999935e+03
2.179285718749999887e+03
2.179570593750000171e+03
2.180019343750000189e+03
2.180155187500000011e+03
2.180169187500000135e+03
2.180200062500000058e+03
2.180465687500000058e+03
2.182146375000000262e+03
2.182224062499999945e+03
2.182268250000000080e+03
2.184005375000000186e+03
2.184078906249999818e+03
2.184105156250000164e+03
2.184107937499999935e+03
2.185128281249999873e+03
2.185159156250000251e+03
2.186952593750000233e+03
2.186974250000000211e+03
2.188256562500000200e+03
2.188729031249999935e+03
2.189813375000000178e+03
2.190143468750000011e+03
2.193717500000000200e+03
2.194805031249999956e+03
2.194998125000000073e+03
2.195143812499999967e+03
2.195236750000000029e+03
2.195675437500000044e+03
2.196010312500000055e+03
2.196055718749999869e+03
2.216459687500000200e+03
2.216460062499999822e+03
2.216461781250000058e+03
2.217818406249999953e+03
2.217818812500000149e+03
2.217819781250000233e+03
2.217820500000000266e+03
2.217820843750000222e+03
2.217821281250000084e+03
2.217822937500000080e+03
2.221928156250000029e+03
2.222597343750000164e+03
2.223373031250000167e+03
2.223454062499999964e+03
2.223545718750000106e+03
2.223596718750000036e+03
2.224515312500000164e+03
2.224756218750000244e+03
2.225057593750000251e+03
2.225145843750000040e+03
2.231431187499999851e+03
2.231452656250000018e+03
2.231618718749999971e+03
2.232626125000000229e+03
2.232658750000000055e+03
2.246340749999999844e+03
2.246874031249999916e+03
2.254938093750000007e+03
2.255593718749999880e+03
2.255840937500000109e+03
2.255841718749999927e+03
2.255842437499999960e+03
2.255843156249999993e+03
2.255843843749999905e+03
2.255945781249999982e+03
2.256142374999999902e+03
2.256199218750000000e+03
2.256199531249999836e+03
2.256201250000000073e+03
2.256201656250000269e+03
2.256488843749999887e+03
2.263636531250000189e+03
2.273470156249999945e+03
2.276428031250000004e+03
2.282288093749999916e+03
2.283825499999999920e+03
2.283826250000000073e+03
2.283828312500000266e+03
2.285979437500000131e+03
2.291669718749999902e+03
2.291671218750000207e+03
2.297462250000000040e+03
2.297499968749999880e+03
2.299320375000000240e+03
2.299321718749999945e+03
2.304769125000000258e+03
2.305996437499999956e+03
2.305997531250000065e+03
2.311044062500000109e+03
2.314428499999999985e+03
2.315376312500000040e+03
2.327438781249999920e+03
2.327963062499999978e+03
2.327963874999999916e+03
2.328621437499999956e+03
2.329084468750000269e+03
2.330575312500000109e+03
2.332884500000000116e+03
2.337267218750000211e+03
2.347790906250000262e+03
2.348409218750000036e+03
2.349368093749999844e+03
2.349368437500000255e+03
2.349369468750000124e+03
2.349370593749999898e+03
2.349371937500000058e+03
2.354200000000000273e+03
2.354200843749999876e+03
2.354204375000000255e+03
2.356053750000000036e+03
2.358136968750000051e+03
2.359252031250000073e+03
2.359289374999999836e+03
2.359289687500000127e+03
2.359380812500000047e+03
2.359699812500000007e+03
2.359722156249999898e+03
2.359792312500000207e+03
2.359792812499999854e+03
2.361162031249999927e+03
2.367374374999999873e+03
2.368068062499999996e+03
2.369278374999999869e+03
2.370612531249999847e+03
2.375153937500000211e+03
2.375355187499999829e+03
2.381642843749999884e+03
2.384636375000000044e+03
2.384637062499999956e+03
2.384637531249999938e+03
2.389633906250000109e+03
2.393212093749999894e+03
2.393212843750000047e+03
2.393213562500000080e+03
2.393558250000000044e+03
2.393560593749999953e+03
2.393561375000000226e+03
2.393562625000000025e+03
2.399246250000000146e+03
2.400031406250000146e+03
2.400712718750000022e+03
2.412995906250000189e+03
2.419593906250000146e+03
2.422804812500000025e+03
2.423972406249999949e+03
2.423973468749999938e+03
2.424177625000000262e+03
2.424178374999999960e+03
2.424179156250000233e+03
2.428575124999999844e+03
2.428576593750000029e+03
2.432798531249999996e+03
2.440842999999999847e+03
2.441686093750000055e+03
2.441914937500000178e+03
2.442577499999999873e+03
2.445170031250000193e+03
2.448966843749999953e+03
2.457622843749999902e+03
2.458411000000000058e+03
2.459518437499999891e+03
2.467431750000000193e+03
2.474775781249999909e+03
2.481135999999999967e+03
2.485988031249999949e+03
2.487272218749999865e+03
2.494177187499999945e+03
2.497204906250000022e+03
2.498663187500000276e+03
2.499030749999999898e+03
2.499041093750000073e+03
2.499565343750000011e+03
2.499568718750000244e+03
2.501767562500000167e+03
2.501773218750000069e+03
2.501854187500000080e+03
2.502100249999999960e+03
2.508571750000000065e+03
2.508893593750000036e+03
2.508907406249999894e+03
2.508912593750000269e+03
2.508935406250000142e+03
2.508946750000000065e+03
2.509892093750000186e+03
2.509899374999999964e+03
2.509933906249999836e+03
2.510252468749999935e+03
2.510258749999999964e+03
2.510356406249999964e+03
2.511112750000000233e+03
2.511139843750000182e+03
2.511163562499999898e+03
2.513540187500000229e+03
2.519355500000000120e+03
2.521268093749999935e+03
2.525262343750000127e+03
2.525291343750000124e+03
2.525291874999999891e+03
2.525403406249999989e+03
2.525418843750000178e+03
2.525446124999999938e+03
2.525518500000000131e+03
2.525554687500000000e+03
2.526080375000000004e+03
2.526312625000000025e+03
2.526566218750000189e+03
2.526621000000000095e+03
2.526635562500000106e+03
2.526663062500000251e+03
2.526713781250000011e+03
2.527590874999999869e+03
2.527621781249999913e+03
2.527722031249999873e+03
2.529218781250000120e+03
2.529576250000000073e+03
2.529598906250000255e+03
2.536176312500000222e+03
2.543632750000000215e+03
2.544540312500000255e+03
2.545080218749999858e+03
2.545148968750000222e+03
2.545155125000000226e+03
2.545166999999999916e+03
2.545231374999999844e+03
2.545586531250000007e+03
2.545944750000000113e+03
2.546072156250000262e+03
2.557516968750000160e+03
2.588362406250000276e+03
2.591611156250000022e+03
2.592864375000000109e+03
2.593253781249999975e+03
2.593291531249999935e+03
2.593326125000000047e+03
2.594610281249999844e+03
2.594738875000000007e+03
2.594743750000000091e+03
2.595201343749999978e+03
2.595216062500000135e+03
2.595267062500000065e+03
2.597328093749999880e+03
2.597377406250000149e+03
2.597428562500000226e+03
2.597468875000000025e+03
2.598253187499999967e+03
2.630965812500000084e+03
2.633463656249999985e+03
2.661979312500000106e+03
2.737665812499999902e+03
2.764859468749999905e+03
2.771385687500000131e+03
2.771589312500000233e+03
2.784730718750000051e+03
2.799085906249999880e+03
2.802735437499999989e+03
2.816687062500000138e+03
2.822242937500000153e+03
2.823751937500000167e+03
2.824440875000000233e+03
2.827350031250000029e+03
2.844435593749999953e+03
2.850473812499999894e+03
2.852861093750000236e+03
2.866417343749999873e+03
2.870097749999999905e+03
2.925358749999999873e+03
2.935846093749999909e+03
2.941978281250000236e+03
2.956600750000000062e+03
2.971630937500000073e+03
